148 235
156 267
160 299
168 327
176 355
192 379
212 395
236 407
268 415
304 407
328 399
344 383
356 363
368 335
372 307
380 275
384 247
180 199
196 187
216 183
232 187
248 191
308 199
324 195
340 191
356 195
368 207
276 231
276 251
276 267
276 283
252 299
264 303
272 303
284 303
292 303
200 223
216 219
228 219
244 231
232 231
216 231
304 235
320 227
336 227
344 235
332 239
316 239
236 343
248 331
264 327
272 327
284 327
300 335
312 347
300 355
288 363
272 363
260 359
248 355
236 343
260 339
272 339
284 339
308 347
284 347
272 347
260 343
