149 233
153 269
161 301
169 329
177 357
193 381
213 392
237 404
273 416
304 408
328 396
340 385
356 361
368 333
372 305
376 273
380 245
181 198
197 190
217 186
233 186
249 194
312 198
324 194
340 190
356 194
368 206
277 229
277 249
281 269
277 285
257 301
265 301
277 305
285 305
293 301
205 225
217 221
233 221
245 229
233 233
217 233
304 233
320 225
336 225
344 233
336 237
316 237
237 345
253 337
269 329
277 333
285 329
300 337
312 349
300 357
289 361
277 365
265 361
253 357
241 345
265 341
277 341
285 341
308 349
285 345
277 345
265 345
