148 236
152 268
160 300
164 328
172 356
188 380
204 392
228 408
264 416
300 408
324 400
340 388
357 368
365 336
369 308
377 280
381 248
176 200
196 188
212 184
232 188
244 192
308 200
320 196
336 196
353 200
365 212
272 232
272 252
272 268
272 288
248 300
260 300
268 304
280 304
288 304
200 224
212 220
228 220
240 228
228 232
212 232
300 236
316 228
332 228
340 236
332 240
316 240
228 344
244 332
260 328
268 328
276 328
292 336
308 348
292 360
280 364
268 364
256 360
244 356
232 344
256 340
268 340
280 340
304 348
280 348
268 348
256 348
