150 234
154 266
162 299
166 327
174 355
190 379
211 392
235 404
267 416
303 408
328 396
340 383
356 363
368 335
372 307
376 278
380 246
178 198
194 190
215 186
231 186
247 194
307 198
324 194
340 194
356 198
368 210
275 230
275 250
275 270
275 287
251 299
263 303
271 303
283 303
291 303
202 226
215 218
231 222
243 230
231 230
215 230
303 234
320 226
332 226
344 234
332 238
316 238
235 343
247 331
263 323
271 327
283 327
299 335
312 347
299 355
283 359
271 359
259 359
247 351
235 343
259 339
271 339
283 339
307 347
283 343
271 347
259 343
