148 234
156 269
164 301
168 329
176 357
192 381
212 393
236 405
272 417
308 409
328 397
344 385
360 361
368 333
372 305
380 273
380 246
180 198
196 190
216 186
232 186
248 194
312 198
324 194
340 194
356 194
368 206
276 230
280 250
280 269
280 285
256 297
264 301
276 305
284 301
292 301
204 226
216 218
232 222
244 230
232 234
216 230
304 234
320 226
336 226
344 234
336 238
320 238
236 345
248 333
268 325
276 329
284 329
300 337
312 349
300 357
288 361
276 361
264 361
252 353
240 345
264 341
276 341
284 341
308 345
284 345
276 345
264 345
