148 238
156 270
160 302
168 330
176 358
192 378
212 394
236 406
272 418
304 410
328 398
340 386
356 362
368 334
372 306
380 278
380 246
180 198
196 190
216 186
232 186
248 194
312 198
324 194
340 190
356 194
368 206
276 230
276 250
276 270
276 286
256 298
264 302
272 302
284 302
292 302
204 226
216 218
232 222
244 230
232 230
216 230
304 234
320 226
336 226
344 234
332 238
316 238
236 342
248 334
264 326
272 326
284 326
300 334
312 346
300 354
288 362
276 362
260 358
248 354
236 342
260 338
272 338
284 342
308 346
284 346
272 346
260 346
