147 235
155 267
163 299
167 327
179 355
195 379
211 395
235 407
272 415
308 407
328 395
344 383
360 363
368 335
372 307
380 275
380 247
179 198
199 186
215 182
235 186
247 190
312 198
324 194
340 190
356 194
368 206
280 231
280 251
280 267
280 287
256 299
264 303
276 303
288 303
296 303
203 227
215 218
231 218
243 227
231 231
215 231
304 231
320 227
336 227
344 235
336 239
320 239
239 343
252 335
268 327
276 331
284 327
300 335
312 347
300 355
288 359
276 363
264 359
252 355
243 343
264 339
276 339
284 343
308 347
288 343
276 343
264 343
