149 235
153 267
157 299
165 328
173 356
189 380
205 392
229 404
266 416
302 408
322 400
338 388
354 368
367 336
371 307
379 279
379 247
177 198
193 186
213 182
233 186
246 194
310 198
322 194
338 194
354 198
367 211
274 231
274 251
274 267
274 287
250 299
262 303
270 303
282 303
290 303
201 223
213 219
229 219
242 231
229 231
213 231
302 235
318 227
334 227
342 235
330 239
314 239
229 344
246 332
262 328
270 328
278 328
294 336
310 348
298 356
282 360
270 364
258 360
246 352
233 344
258 340
270 340
282 340
306 348
282 348
270 348
258 344
