148 233
152 269
160 297
164 325
172 357
188 377
204 393
228 405
264 417
300 409
320 401
336 389
352 365
364 337
368 309
376 277
380 245
176 197
192 189
212 185
228 185
244 193
308 201
320 197
336 193
352 197
364 209
272 233
272 253
272 269
272 285
248 301
256 301
268 305
280 305
288 305
200 225
212 217
228 221
240 229
228 233
212 229
300 233
316 229
332 229
340 237
328 241
312 241
228 345
240 333
260 325
268 329
276 329
292 337
304 349
292 361
280 365
264 365
252 365
240 357
232 345
256 341
268 341
276 341
300 349
276 349
268 349
256 349
