149 235
157 267
161 299
169 327
177 359
193 379
213 394
237 406
272 414
308 406
328 394
344 383
356 363
368 331
372 303
380 275
380 243
181 200
197 188
217 184
233 184
249 192
312 192
328 184
344 180
360 184
368 200
280 227
280 251
280 267
280 283
257 299
265 303
276 303
288 303
292 303
205 223
217 219
233 219
245 227
233 231
217 231
304 231
320 223
336 223
344 231
336 239
320 235
241 347
253 335
268 327
276 331
284 327
300 339
312 347
300 355
288 363
276 363
265 359
253 355
241 347
265 343
276 339
284 343
308 347
288 347
276 347
265 343
